-2689251
-1531817
-1178328
-414650
-223112
23767972
25350743
26635430
26635443
26635448
26635487
26804065
26804067
26804069
26804097
27228091
27228094
27326348
29699692
29699693
29699695
29699696
29699697
29699698
29699699
29699700
29699723
29699725
29699726
29699727
29699728
29699729
29699730
29699736
29702755
29702756
29702757
29702758
29702767
29702769
29702770
29702771
29702775
29702776
29702777
29702778
29702779
29702780
29702781
29702782
29702784
29702785
29702786
29702787
29702801
29702802
29702803
29702804
29702805
29702806
29702807
29702808
29702809
29702810
29702814
29702816
29702817
29702821
29702823
29702838
29702839
29702840
29702841
29702843
29702844
29702851
29702852
29702854
29702855
29702857
29702859
29702860
29702861
29702862
29702865
29702867
29702868
29702880
29728299
29730935
29730965
29730968
29730972
29730973
29730976
29731000
29731001
29731002
29731004
29731011
29731013
29731016
29731033
29731034
29739427
29739431
29739436
29739439
29739441
29739450
29739489
29739492
29739495
29739499
29739504
29739510
29739513
29739520
29739572
29739599
29739609
29739684
29739688
29739691
29739694
29739697
29739699
29739702
29739713
29739717
29739721
29739725
29739728
29739732
29739736
29739740
29739745
29739755
29739758
29739767
29739770
29739775
29739779
29739784
35613746
35613747
35613748
35613749
35613750
35613752
35613753
35613754
35613755
35613756
35613757
35613758
35613759
35613760
35613761
35613762
35613763
35613764
35613765
35613766
35613767
35613768
35613769
35613770
35613771
35613772
35613777
35613780
35613781
35613782
35613783
35613784
35613785
35613786
35613787
39742666
39742667
39742668
39742669
39742670
39742671
39742672
39742673
39742676
39742677
39742678
39742679
39757590
39757592
39757593
39757595
39757596
39757600
39757602
39757603
39757605
39757606
39757607
39757608
39757610
39757611
39757613
39757616
39757617
39757618
39757619
39757621
39757622
39757623
39757624
39757626
39757627
39757629
39757630
39757631
39757633
39757634
39757635
39757641
39757643
39898881
39898882
39898883
39898884
39898885
39898886
39898887
39898888
39898889
39898890
39898891
39898892
39898896
39898903
39898904
39898905
39898906
39898907
39898908
39898911
39898912
39898913
39898923
39898940
39898941
39898942
39898943
39898944
39898949
39898950
39898951
39898952
39898953
39898954
39898956
39898957
39898959
39898960
39898964
39898965
39898966
39898968
39898969
39898970
39898971
39898972
39898977
39898978
39898979
39898982
39898984
39898985
39898986
39898987
39898988
39898989
39898990
39898991
39898992
39898993
39898994
39898995
39898996
39898998
39898999
39899000
39899001
39899011
39899013
39899984
39899992
39899993
39963170
39963171
39963184
39963197
39963199
40032719
40032728
40032763
40032764
40130131
40130133
40130134
40130135
40460426
40460428
40460429
40460438
40460440
40460441
40460442
40460443
40460444
40460445
40460446
40460447
40460448
40460451
40460453
40460456
40460458
40460459
40460461
41877107
41877109
41877110
41877111
41877112
41877113
41877114
41877115
41877116
41877117
41877118
41921841
41921843
41921844
41921845
41921848
41921850
41921851
41921852
41921853
41921854
41921855
41921856
41923227
41923228
41923229
41923232
41923233
41923234
41923235
41923236
41923237
41923238
45578721
45578722
45578723
45578724
45578725
45578726
45578727
45578728
45578730
45580404
45580405
45580406
45580407
45580408
45580409
45580410
45580411
45580413
45580900
45580901
45580902
45580903
45580905
45580906
45580907
45580908
45580909
45580910
45580911
45585901
45585902
45585903
45585904
45585905
45585906
45585907
45585908
45585909
45585910
45585911
45585912
45585913
45585914
45585915
45585916
45687012
45687014
45687015
45689671
45689673
45689682
45689684
45689685
45689686
45689687
45689689
45689690
45689691
45775997
45775998
45776002
45776003
45776005
45776006
45779207
45779237
45830412
45830418
45830432
45830435
45830480
45830513
45830515
45830519
45830529
45830530
45830536
45830538
45830561
45830575
45830587
45830592
45830605
45830622
45830630
45830632
45830633
45830653
45830658
45830661
45830666
45830726
45830743
45830747
45830750
45830763
45830767
45847921
45847922
45848175
45878634
45878636
46034055
46034278
46035588
46035759
46036144
46037448
46040804
46208342
47098549
47815792
47815793
47815794
47815795
47941891
47941894
47941899
48555568
48555571
48598282
48676228
48676229
48676230
48676232
48676233
48676234
50590172
50848873
50848875
50848887
50848888
50848890
50848891
50848892
50848893
50849505
50849538
50849539
50849540
50849541
50849542
50849543
50849544
52442748
52442749
52442750
52442751
52442752
52442753
52442754
52442758
52442759
52442760
52442761
52442762
52442764
52442765
52491824
52491825
52491826
52491827
52491828
52491829
52491830
52491831
52491832
52491833
52491875
52491876
52491912
52491913
52491941
52491951
52491952
52491953
52491954
52491955
52498883
52498905
52498906
52498907
52498908
52498909
52498910
52498911
52498913
52498940
52498945
52498946
52498947
52498948
52498949
52498950
52498951
52501281
52501282
52501283
52502985
52502986
52502987
52502988
52502992
52502993
52502994
52502995
52502996
52502997
52503003
52503004
52503005
52503006
52503007
52503008
52503009
52503010
52705789
52705799
52705800
52705801
52705802
52705803
52705804
52705805
52705806
52705807
52705808
52705809
52705810
52705813
52705814
52705815
52705816
52705817
52705818
52705819
52705820
52705821
52705822
52705823
52705824
52705825
52705826
52705827
52705828
52705829
52705830
52705831
52705832
52705833
52705834
52705835
52705836
52705837
52705838
52705839
52705840
52705841
52705842
52705843
52705844
52705845
52705846
52705847
52705848
52705849
52705850
52705851
52705852
52705853
52705854
52705855
52705856
52705857
52705858
52705859
52705860
52705861
52705862
52705863
52705864
52705865
52705866
52705867
52705868
52705869
52705870
52705871
52705872
52705873
52705874
52705875
52705876
52705877
52705878
52705879
52705880
52705881
52705882
53205934
53205936
53205937
53205938
53205939
53205941
53205942
53205943
53205945
53205946
53205958
53205959
53205960
53205961
53205962
53205963
53205964
53205965
53205966
53205967
53205968
53205969
53205970
53205971
53205972
53205973
53205974
53205975
57725562
57726269
57726270
60391347
60889341
60889752
60891181
60891228
61299005
61435997
61435998
61444897
67522508
67522514
67522524
67522527
67522537
67522544
67522546
67522547
67522548
67522551
67522555
67522556
67522558
67522560
67522562
67522568
67522569
67522570
67522576
67522580
67522590
67522605
67522608
67522613
67522619
67522620
67522630
67522636
67522638
67522646
67522654
67522655
67522657
67522658
67522660
67522662
67522666
67522674
67522678
67522689
67522690
67522693
67522696
76726204
76726557
76829428
76834999
77475895
77475898
77503622
77503627
77503632
80477454
80477462
93708571
93708573
93708574
93708575
93708576
93708577
93708578
93708579
93708580
93708581
93708582
93708583
93708584
93708585
93708586
93708587
93708588
93708589
93708590
93708591
93708592
93708593
93708594
93708595
93708596
93708597
93708598
93708599
93708600
93708601
96320223
96325384
96325386
96325387
96325388
96325390
96325394
96325395
96325397
96325401
96325404
96325405
96325407
96790860
96790864
102415414
102415421
102415427
102415428
102415434
102415438
102415439
102415446
102415449
102415454
102415462
102415463
102415469
102415474
102415476
102415486
102415491
102415493
102415507
102415511
102415519
102415521
102415523
102415531
102415535
102415538
102415540
102415554
102415557
102415565
102415566
102415570
102415576
102415585
102415587
102415592
102415596
102415599
102415606
102415607
102415618
102415620
102415625
102415634
102551133
103513405
103513412
103514034
103514037
103514865
103520645
103521006
103521007
103521008
103521009
103521010
103521011
103521610
103523070
103523071
103523073
103523074
103523125
103523218
103523219
103523220
103523221
103523304
103523310
103523316
103523321
103523420
103523421
103523698
103523700
103523701
103523795
103523965
103523966
103523967
103524654
103524655
103524656
103524657
103524658
103524927
103524938
103525808
103526217
103526218
103526219
103526220
103526221
103526528
103526529
103526639
103526640
103527103
103527105
103527106
103527702
103527708
103527713
103527717
103527733
103527738
103527743
103527746
103528015
103528221
103528789
103528790
103528791
103528792
103528793
103528794
103528946
103529598
103529599
103529600
103529610
103529682
103529683
103529859
107674482
107674932
107674933
107674935
107675058
107675059
107675060
107675738
107676324
107677189
107677651
107677652
107679356
107679398
107679399
107680104
107680986
107680987
107680988
107680989
107808883
107940439
107940441
107940442
107941420
107941422
107941423
107941424
107941425
107956507
107957077
108131116
108131117
108131803
108131804
108131805
108131809
108132515
108132516
112045535
112045539
112045543
117361209
117393938
130520133
130532020
132117551
132117552
132117553
132117554
156283188
156283190
156283192
156283195
156283411
161325984
165466947
165466948
165466952
165466955
165466957
165466958
165466959
165466960
165466961
165466962
165466964
165466966
165466972
165466973
165466974
165466975
165466976
165466977
165466978
165466979
165466981
165466986
165466987
165466988
165466989
165466990
165467020
165467062
165467068
165467069
165467072
166536770
166540019
167423823
167423824
167423825
167423826
167423827
167423828
167423829
167423830
167423831
167423832
167423833
167423834
174679475
174679476
174824700
174824701
174824703
177139728
189251541
189251551
189251552
190096336
198289562
200154247
200716143
200716144
200716145
203804819
203804820
203804821
203804822
216479928
236252862
236252863
236252864
236252865
236252866
236252867
236252868
240790457
240790458
240790514
240790535
240790666
244810728
247420381
256031695
256423029
257163277
257634297
258602999
258603000
258603001
258603002
258603003
258603004
258603006
278328784
294746095
299375352
329347927
329347929
329347931
329347932
329347933
329347934
329347935
329356944
329356945
329356946
329356947
329356948
329356949
329356950
329356951
329356952
329356953
329356954
329356955
329356956
329356957
329356958
329356959
329356960
329356961
329356962
329356963
329356964
329356965
329356966
329356967
329356968
329356969
329356970
329356971
329356972
329356973
329356974
329356975
329356976
329356977
329356978
329356979
329356980
329356981
329356982
329356983
329356984
329356985
329356986
329356987
329356988
329356989
329356990
329356991
329356992
329356993
329356994
329356995
329356996
329356997
329356998
329356999
329357000
329357001
329357002
329357003
329357004
329357005
329357006
329357007
329357008
329357009
329357010
329357011
329357012
329357013
329357014
329357015
329357016
333557351
333557352
345507134
345507135
361915827
361915829
361915832
361915834
361915836
361915838
361915840
361915842
361915844
361915846
361915848
361915850
361915852
361915854
361915855
361915857
361915859
361915861
361915862
361915864
369465793
369465794
369465795
369465796
369465797
369465798
370876238
370876239
370876240
370876241
370876242
372964160
372964165
373873837
373873843
374263680
374852232
